>> [ 1 1 1 ] ./ [ 1 2 3 ]
ans =
    1.0000    0.5000    0.3333
>> [ 1 2 3 ] .* [ 1 2 3 ]
ans =
     1     4     9
>> [ 1 2 3 ] .^ 2
ans =
     1     4     9
>> 1 ./ [ 1 2 3 ]
ans =
    1.0000    0.5000    0.3333