>> 120/10
ans =
    12
>> ans+ans
ans =
    24