>> ones(1,5)
ans =
     1     1     1     1     1
>> zeros(1,5)
ans =
     0     0     0     0     0
