>> [ 1 2 3 ]
ans =
     1     2     3
>> [ sin(1), sin(2), sin(3) ]
ans =
    0.8415    0.9093    0.1411
