>> 1:7
ans =
     1     2     3     4     5     6     7
>> 1:3:20
ans =
     1     4     7    10    13    16    19
>> 3:-1/2:1
ans =
    3.0000    2.5000    2.0000    1.5000    1.0000
