>> sum(1./(1:100).^2)
ans =
    1.6350
