>> [ 1 2 3 ] + 1
ans =
     2     3     4
>> [ 1 2 3 ] * 2
ans =
     2     4     6

>> 1 / [ 1 2 3 ]
Error using  / 
Matrix dimensions must agree.
>> [ 1 2 3 ] / 10
ans =
    0.1000    0.2000    0.3000
>> [ 10 20 30 ] -10
ans =
     0    10    20    