>> a=[1 2 3]
a =
     1     2     3
>> b=[ 10 , 20 , 30 ]
b =
    10    20    30
>> c = a + b
c =
    11    22    33
>> d=c ./ b
d =
    1.1000    1.1000    1.1000